1548265882.49963
1548265882.53315
1548265882.56656
1548265882.60003
1548265882.63344
1548265882.66521
1548265882.69867
1548265882.73218
1548265882.76567
1548265882.79921
1548265882.83270
1548265882.86618
1548265882.89970
1548265882.93321
1548265882.96673
1548265883.00025
1548265883.03380
1548265883.06734
1548265883.10086
1548265883.13440
1548265883.16791
1548265883.20143
1548265883.23495
1548265883.26846
1548265883.30180
1548265883.33531
1548265883.36883
1548265883.40228
1548265883.43579
1548265883.46930
1548265883.50282
1548265883.53633
1548265883.56982
1548265883.60334
1548265883.63685
1548265883.67037
1548265883.70391
1548265883.73743
1548265883.77095
1548265883.80453
1548265883.83818
1548265883.87194
1548265883.90546
1548265883.93900
1548265883.97251
1548265884.00603
1548265884.03955
1548265884.07306
1548265884.10658
1548265884.14009
1548265884.17359
1548265884.20697
1548265884.24047
1548265884.27399
1548265884.30748
1548265884.34099
1548265884.37451
1548265884.40803
1548265884.44119
1548265884.47471
1548265884.50823
1548265884.54197
1548265884.57561
1548265884.60912
1548265884.64264
1548265884.67615
1548265884.70967
1548265884.74319
1548265884.77670
1548265884.81022
1548265884.84371
1548265884.87719
1548265884.91064
1548265884.94416
1548265884.97774
1548265885.01125
1548265885.04477
1548265885.07829
1548265885.11180
1548265885.14532
1548265885.17889
1548265885.21267
1548265885.24587
1548265885.27938
1548265885.31281
1548265885.34641
1548265885.38042
1548265885.41396
1548265885.44747
1548265885.48099
1548265885.51451
1548265885.54802
1548265885.58152
1548265885.61486
1548265885.64837
1548265885.68167
1548265885.71519
1548265885.74885
1548265885.78222
1548265885.81588
1548265885.84940
1548265885.88288
1548265885.91640
1548265885.94993
1548265885.98345
1548265886.01698
1548265886.05049
1548265886.08401
1548265886.11760
1548265886.15116
1548265886.18473
1548265886.21824
1548265886.25177
1548265886.28528
1548265886.31879
1548265886.35231
1548265886.38583
1548265886.41949
1548265886.45300
1548265886.48652
1548265886.52003
1548265886.55355
1548265886.58691
1548265886.62009
1548265886.65360
1548265886.68712
1548265886.72063
1548265886.75415
1548265886.78767
1548265886.82118
1548265886.85470
1548265886.88821
1548265886.92173
1548265886.95523
1548265886.98875
1548265887.02228
1548265887.05580
1548265887.08932
1548265887.12287
1548265887.15640
1548265887.18991
1548265887.22346
1548265887.25708
1548265887.29049
1548265887.32401
1548265887.35752
1548265887.39104
1548265887.42466
1548265887.45818
1548265887.49169
1548265887.52521
1548265887.55872
1548265887.59220
1548265887.62565
1548265887.65910
1548265887.69261
1548265887.72611
1548265887.75960
1548265887.79308
1548265887.82646
1548265887.85992
1548265887.89344
1548265887.92695
1548265887.96047
1548265887.99398
1548265888.02750
1548265888.06102
1548265888.09456
1548265888.12811
1548265888.16167
1548265888.19567
1548265888.22918
1548265888.26270
1548265888.29621
1548265888.32973
1548265888.36332
1548265888.39701
1548265888.43053
1548265888.46404
1548265888.49738
1548265888.53083
1548265888.56420
1548265888.59734
1548265888.63085
1548265888.66437
1548265888.69788
1548265888.73156
1548265888.76521
1548265888.79881
1548265888.83233
1548265888.86576
1548265888.89914
1548265888.93250
1548265888.96601
1548265888.99953
1548265889.03304
1548265889.06672
1548265889.10028
1548265889.13388
1548265889.16749
1548265889.20083
1548265889.23431
1548265889.26763
1548265889.30108
1548265889.33459
1548265889.36818
1548265889.40189
1548265889.43544
1548265889.46896
1548265889.50247
1548265889.53599
1548265889.56947
1548265889.60279
1548265889.63624
1548265889.66965
1548265889.70315
1548265889.73666
1548265889.77017
1548265889.80368
1548265889.83720
1548265889.87068
1548265889.90420
1548265889.93771
1548265889.97126
1548265890.00479
1548265890.03834
1548265890.07186
1548265890.10538
1548265890.13892
1548265890.17249
1548265890.20609
1548265890.23961
1548265890.27328
1548265890.30703
1548265890.34058
1548265890.37413
1548265890.40767
1548265890.44126
1548265890.47470
1548265890.50822
1548265890.54174
1548265890.57528
1548265890.60884
1548265890.64236
1548265890.67587
1548265890.70940
1548265890.74292
1548265890.77642
1548265890.80991
1548265890.84341
1548265890.87693
1548265890.91043
1548265890.94393
1548265890.97741
1548265891.01092
1548265891.04431
1548265891.07779
1548265891.11121
1548265891.14472
1548265891.17818
1548265891.21153
1548265891.24500
1548265891.27848
1548265891.31200
1548265891.34554
1548265891.37911
1548265891.41258
1548265891.44606
1548265891.47957
1548265891.51308
1548265891.54661
1548265891.58013
1548265891.61367
1548265891.64719
1548265891.68070
1548265891.71419
1548265891.74769
1548265891.78122
1548265891.81481
1548265891.84832
1548265891.88184
1548265891.91537
1548265891.94895
1548265891.98248
1548265892.01602
1548265892.04956
1548265892.08309
1548265892.11661
1548265892.15012
1548265892.18365
1548265892.21716
1548265892.25068
1548265892.28470
1548265892.31824
1548265892.35175
1548265892.38527
1548265892.41879
1548265892.45228
1548265892.48580
1548265892.51922
1548265892.55274
1548265892.58634
1548265892.61977
1548265892.65329
1548265892.68680
1548265892.72032
1548265892.75384
1548265892.78734
1548265892.82071
1548265892.85422
1548265892.88774
1548265892.92126
1548265892.95479
1548265892.98829
1548265893.02175
1548265893.05518
1548265893.08868
1548265893.12221
1548265893.15571
1548265893.18922
1548265893.22272
1548265893.25623
1548265893.28975
1548265893.32328
1548265893.35681
1548265893.39031
1548265893.42383
1548265893.45735
1548265893.49086
1548265893.52434
1548265893.55785
1548265893.59140
1548265893.62489
1548265893.65840
1548265893.69189
1548265893.72543
1548265893.75892
1548265893.79243
1548265893.82595
1548265893.85945
1548265893.89294
1548265893.92646
1548265893.95997
1548265893.99349
1548265894.02701
1548265894.06051
1548265894.09400
1548265894.12743
1548265894.16095
1548265894.19419
1548265894.22771
1548265894.26122
1548265894.29474
1548265894.32836
1548265894.36192
1548265894.39556
1548265894.42908
1548265894.46246
1548265894.49594
1548265894.52935
1548265894.56297
1548265894.59653
1548265894.63004
1548265894.66367
1548265894.69725
1548265894.73077
1548265894.76428
1548265894.79778
1548265894.83125
1548265894.86467
1548265894.89818
1548265894.93180
1548265894.96536
1548265894.99890
1548265895.03241
1548265895.06591
1548265895.09938
1548265895.13289
1548265895.16646
1548265895.19997
1548265895.23360
1548265895.26712
1548265895.30064
1548265895.33415
1548265895.36770
1548265895.40122
1548265895.43470
1548265895.46787
1548265895.50139
1548265895.53490
1548265895.56842
1548265895.60197
1548265895.63544
1548265895.66893
1548265895.70245
1548265895.73596
1548265895.76948
1548265895.80302
1548265895.83656
1548265895.87005
1548265895.90356
1548265895.93708
1548265895.97062
1548265896.00414
1548265896.03765
1548265896.07117
1548265896.10469
1548265896.13821
1548265896.17180
1548265896.20531
1548265896.23883
1548265896.27235
1548265896.30600
1548265896.33938
1548265896.37290
1548265896.40641
1548265896.43992
1548265896.47344
1548265896.50696
1548265896.54047
1548265896.57399
1548265896.60739
1548265896.64090
1548265896.67441
1548265896.70793
1548265896.74144
1548265896.77497
1548265896.80829
1548265896.84196
1548265896.87548
1548265896.90899
1548265896.94244
1548265896.97587
1548265897.00939
1548265897.04299
1548265897.07651
1548265897.11003
1548265897.14354
1548265897.17706
1548265897.21057
1548265897.24402
1548265897.27754
1548265897.31105
1548265897.34455
1548265897.37799
1548265897.41150
1548265897.44502
1548265897.47853
1548265897.51205
1548265897.54557
1548265897.57908
1548265897.61260
1548265897.64610
1548265897.67960
1548265897.71312
1548265897.74664
1548265897.78016
1548265897.81376
1548265897.84745
1548265897.88096
1548265897.91448
1548265897.94800
1548265897.98167
1548265898.01503
1548265898.04854
1548265898.08203
1548265898.11548
1548265898.14900
1548265898.18252
1548265898.21603
1548265898.24923
1548265898.28275
1548265898.31626
1548265898.34978
1548265898.38330
1548265898.41681
1548265898.45030
1548265898.48376
1548265898.51728
1548265898.55079
1548265898.58431
1548265898.61791
1548265898.65142
1548265898.68496
1548265898.71867
1548265898.75233
1548265898.78573
1548265898.81922
1548265898.85268
1548265898.88619
1548265898.91961
1548265898.95312
1548265898.98674
1548265899.02032
1548265899.05386
1548265899.08737
1548265899.12089
1548265899.15443
1548265899.18804
1548265899.22155
1548265899.25507
1548265899.28868
1548265899.32226
1548265899.35598
1548265899.38950
1548265899.42302
1548265899.45653
1548265899.49005
1548265899.52357
1548265899.55708
1548265899.59060
1548265899.62411
1548265899.65763
1548265899.69114
1548265899.72466
1548265899.75820
1548265899.79171
1548265899.82523
1548265899.85874
1548265899.89226
1548265899.92578
1548265899.95931
1548265899.99288
1548265900.02639
1548265900.05991
1548265900.09351
1548265900.12703
1548265900.16050
1548265900.19406
1548265900.22753
1548265900.26104
1548265900.29456
1548265900.32809
1548265900.36172
1548265900.39524
1548265900.42875
1548265900.46215
1548265900.49566
1548265900.52917
1548265900.56269
1548265900.59620
1548265900.62972
1548265900.66323
1548265900.69675
1548265900.73027
1548265900.76372
1548265900.79688
1548265900.83011
1548265900.86362
1548265900.89714
1548265900.93065
1548265900.96417
1548265900.99783
1548265901.03136
1548265901.06495
1548265901.09853
1548265901.13211
1548265901.16550
1548265901.19902
1548265901.23266
1548265901.26619
1548265901.29973
1548265901.33331
1548265901.36683
1548265901.40028
1548265901.43386
1548265901.46748
1548265901.50112
1548265901.53466
1548265901.56836
1548265901.60188
1548265901.63540
1548265901.66891
1548265901.70243
1548265901.73594
1548265901.76946
1548265901.80297
1548265901.83638
1548265901.86984
1548265901.90335
