1548266469.85281
1548266469.88633
1548266469.91959
1548266469.95271
1548266469.98623
1548266470.01975
1548266470.05326
1548266470.08693
1548266470.12044
1548266470.15396
1548266470.18747
1548266470.22084
1548266470.25436
1548266470.28784
1548266470.32136
1548266470.35488
1548266470.38839
1548266470.42191
1548266470.45542
1548266470.48890
1548266470.52240
1548266470.55592
1548266470.58944
1548266470.62296
1548266470.65649
1548266470.69003
1548266470.72352
1548266470.75703
1548266470.79055
1548266470.82409
1548266470.85761
1548266470.89110
1548266470.92462
1548266470.95813
1548266470.99165
1548266471.02519
1548266471.05868
1548266471.09219
1548266471.12571
1548266471.15923
1548266471.19274
1548266471.22626
1548266471.25977
1548266471.29328
1548266471.32679
1548266471.36031
1548266471.39382
1548266471.42735
1548266471.46081
1548266471.49419
1548266471.52771
1548266471.56122
1548266471.59495
1548266471.62825
1548266471.66171
1548266471.69519
1548266471.72874
1548266471.76232
1548266471.79612
1548266471.82969
1548266471.86321
1548266471.89673
1548266471.93018
1548266471.96376
1548266471.99727
1548266472.03076
1548266472.06428
1548266472.09776
1548266472.13128
1548266472.16483
1548266472.19837
1548266472.23189
1548266472.26560
1548266472.29912
1548266472.33241
1548266472.36615
1548266472.39944
1548266472.43295
1548266472.46636
1548266472.49999
1548266472.53312
1548266472.56656
1548266472.60015
1548266472.63407
1548266472.66759
1548266472.70104
1548266472.73455
1548266472.76797
1548266472.80158
1548266472.83510
1548266472.86852
1548266472.90203
1548266472.93555
1548266472.96907
1548266473.00251
1548266473.03610
1548266473.06961
1548266473.10306
1548266473.13650
1548266473.17002
1548266473.20353
1548266473.23702
1548266473.27053
1548266473.30402
1548266473.33748
1548266473.37099
1548266473.40451
1548266473.43808
1548266473.47160
1548266473.50513
1548266473.53864
1548266473.57216
1548266473.60568
1548266473.63921
1548266473.67272
1548266473.70624
1548266473.73980
1548266473.77372
1548266473.80731
1548266473.84083
1548266473.87435
1548266473.90786
1548266473.94138
1548266473.97489
1548266474.00841
1548266474.04184
1548266474.07500
1548266474.10851
1548266474.14203
1548266474.17555
1548266474.20906
1548266474.24258
1548266474.27603
1548266474.30928
1548266474.34306
1548266474.37664
1548266474.41035
1548266474.44386
1548266474.47738
1548266474.51090
1548266474.54441
1548266474.57793
1548266474.61093
1548266474.64439
1548266474.67774
1548266474.71126
1548266474.74478
1548266474.77829
1548266474.81181
1548266474.84532
1548266474.87883
1548266474.91235
1548266474.94586
1548266474.97938
1548266475.01292
1548266475.04649
1548266475.08012
1548266475.11366
1548266475.14718
1548266475.18069
1548266475.21421
1548266475.24790
1548266475.28142
1548266475.31494
1548266475.34845
1548266475.38234
1548266475.41592
1548266475.44943
1548266475.48295
1548266475.51640
1548266475.54992
1548266475.58356
1548266475.61658
1548266475.65010
1548266475.68361
1548266475.71713
1548266475.75051
1548266475.78400
1548266475.81751
1548266475.85103
1548266475.88454
1548266475.91806
1548266475.95160
1548266475.98554
1548266476.01911
1548266476.05257
1548266476.08564
1548266476.11945
1548266476.15312
1548266476.18669
1548266476.22021
1548266476.25372
1548266476.28724
1548266476.32075
1548266476.35406
1548266476.38739
1548266476.42090
1548266476.45442
1548266476.48792
1548266476.52141
1548266476.55495
1548266476.58846
1548266476.62196
1548266476.65548
1548266476.68899
1548266476.72253
1548266476.75605
1548266476.78956
1548266476.82310
1548266476.85659
1548266476.89011
1548266476.92363
1548266476.95714
1548266476.99066
1548266477.02417
1548266477.05769
1548266477.09124
1548266477.12477
1548266477.15827
1548266477.19179
1548266477.22531
1548266477.25882
1548266477.29222
1548266477.32574
1548266477.35945
1548266477.39332
1548266477.42684
1548266477.46036
1548266477.49387
1548266477.52739
1548266477.56074
1548266477.59426
1548266477.62776
1548266477.66127
1548266477.69481
1548266477.72832
1548266477.76184
1548266477.79536
1548266477.82885
1548266477.86235
1548266477.89585
1548266477.92936
1548266477.96284
1548266477.99636
1548266478.02987
1548266478.06343
1548266478.09690
1548266478.13024
1548266478.16354
1548266478.19694
1548266478.23045
1548266478.26397
1548266478.29760
1548266478.33112
1548266478.36464
1548266478.39815
1548266478.43152
1548266478.46518
1548266478.49874
1548266478.53226
1548266478.56578
1548266478.59929
1548266478.63281
1548266478.66643
1548266478.69998
1548266478.73346
1548266478.76687
1548266478.80039
1548266478.83376
1548266478.86727
1548266478.90079
1548266478.93431
1548266478.96782
1548266479.00134
1548266479.03505
1548266479.06857
1548266479.10225
1548266479.13572
1548266479.16914
1548266479.20263
1548266479.23617
1548266479.26973
1548266479.30324
1548266479.33676
1548266479.37028
1548266479.40379
1548266479.43731
1548266479.47078
1548266479.50430
1548266479.53786
1548266479.57137
1548266479.60485
1548266479.63835
1548266479.67182
1548266479.70527
1548266479.73875
1548266479.77227
1548266479.80578
1548266479.83930
1548266479.87281
1548266479.90660
1548266479.94019
1548266479.97371
1548266480.00722
1548266480.04069
1548266480.07420
1548266480.10782
1548266480.14137
1548266480.17489
1548266480.20840
1548266480.24192
1548266480.27544
1548266480.30895
1548266480.34244
1548266480.37594
1548266480.40946
1548266480.44297
1548266480.47653
1548266480.51011
1548266480.54363
1548266480.57704
1548266480.61039
1548266480.64390
1548266480.67744
1548266480.71096
1548266480.74447
1548266480.77797
1548266480.81150
1548266480.84503
1548266480.87854
1548266480.91205
1548266480.94550
1548266480.97899
1548266481.01249
1548266481.04601
1548266481.07952
1548266481.11305
1548266481.14655
1548266481.18006
1548266481.21357
1548266481.24709
1548266481.28061
1548266481.31412
1548266481.34763
1548266481.38115
1548266481.41467
1548266481.44819
1548266481.48170
1548266481.51521
1548266481.54872
1548266481.58223
1548266481.61574
1548266481.64926
1548266481.68279
1548266481.71632
1548266481.74982
1548266481.78334
1548266481.81686
1548266481.85043
1548266481.88396
1548266481.91757
1548266481.95078
1548266481.98429
1548266482.01797
1548266482.05163
1548266482.08515
1548266482.11867
1548266482.15215
1548266482.18566
1548266482.21918
1548266482.25269
1548266482.28621
1548266482.31973
1548266482.35324
1548266482.38675
1548266482.42026
1548266482.45379
1548266482.48731
1548266482.52084
1548266482.55436
1548266482.58792
1548266482.62144
1548266482.65495
1548266482.68847
1548266482.72198
1548266482.75552
1548266482.78919
1548266482.82270
1548266482.85622
1548266482.88974
1548266482.92314
1548266482.95661
1548266482.99006
1548266483.02357
1548266483.05709
1548266483.09061
1548266483.12412
1548266483.15764
1548266483.19115
1548266483.22467
1548266483.25819
1548266483.29170
1548266483.32515
1548266483.35867
1548266483.39218
1548266483.42570
1548266483.45922
1548266483.49268
1548266483.52603
1548266483.55954
1548266483.59306
1548266483.62665
1548266483.66019
1548266483.69369
1548266483.72716
1548266483.76067
1548266483.79419
1548266483.82773
1548266483.86127
1548266483.89480
1548266483.92832
1548266483.96183
1548266483.99535
1548266484.02892
1548266484.06247
1548266484.09643
1548266484.13003
1548266484.16354
1548266484.19706
1548266484.23058
1548266484.26409
1548266484.29761
1548266484.33104
1548266484.36456
1548266484.39808
1548266484.43159
1548266484.46511
1548266484.49830
1548266484.53177
