0.000000000
0.033333333
0.066666667
0.100000000
0.133333333
0.166666667
0.200000000
0.233333333
0.266666667
0.300000000
0.333333333
0.366666667
0.400000000
0.433333333
0.466666667
0.500000000
0.533333333
0.566666667
0.600000000
0.633333333
0.666666667
0.700000000
0.733333333
0.766666667
0.800000000
0.833333333
0.866666667
0.900000000
0.933333333
0.966666667
1.000000000
1.033333333
1.066666667
1.100000000
1.133333333
1.166666667
1.200000000
1.233333333
1.266666667
1.300000000
1.333333333
1.366666667
1.400000000
1.433333333
1.466666667
1.500000000
1.533333333
1.566666667
1.600000000
1.633333333
1.666666667
1.700000000
1.733333333
1.766666667
1.800000000
1.833333333
1.866666667
1.900000000
1.933333333
1.966666667
2.000000000
2.033333333
2.066666667
2.100000000
2.133333333
2.166666667
2.200000000
2.233333333
2.266666667
2.300000000
2.333333333
2.366666667
2.400000000
2.433333333
2.466666667
2.500000000
2.533333333
2.566666667
2.600000000
2.633333333
2.666666667
2.700000000
2.733333333
2.766666667
2.800000000
2.833333333
2.866666667
2.900000000
2.933333333
2.966666667
3.000000000
3.033333333
3.066666667
3.100000000
3.133333333
3.166666667
3.200000000
3.233333333
3.266666667
3.300000000
3.333333333
3.366666667
3.400000000
3.433333333
3.466666667
3.500000000
3.533333333
3.566666667
3.600000000
3.633333333
3.666666667
3.700000000
3.733333333
3.766666667
3.800000000
3.833333333
3.866666667
3.900000000
3.933333333
3.966666667
4.000000000
4.033333333
4.066666667
4.100000000
4.133333333
4.166666667
4.200000000
4.233333333
4.266666667
4.300000000
4.333333333
4.366666667
4.400000000
4.433333333
4.466666667
4.500000000
4.533333333
4.566666667
4.600000000
4.633333333
4.666666667
4.700000000
4.733333333
4.766666667
4.800000000
4.833333333
4.866666667
4.900000000
4.933333333
4.966666667
5.000000000
5.033333333
5.066666667
5.100000000
5.133333333
5.166666667
5.200000000
5.233333333
5.266666667
5.300000000
5.333333333
5.366666667
5.400000000
5.433333333
5.466666667
5.500000000
5.533333333
5.566666667
5.600000000
5.633333333
5.666666667
5.700000000
5.733333333
5.766666667
5.800000000
5.833333333
5.866666667
5.900000000
5.933333333
5.966666667
6.000000000
6.033333333
6.066666667
6.100000000
6.133333333
6.166666667
6.200000000
6.233333333
6.266666667
6.300000000
6.333333333
6.366666667
6.400000000
6.433333333
6.466666667
6.500000000
6.533333333
6.566666667
6.600000000
6.633333333
6.666666667
6.700000000
6.733333333
6.766666667
6.800000000
6.833333333
6.866666667
6.900000000
6.933333333
6.966666667
7.000000000
7.033333333
7.066666667
7.100000000
7.133333333
7.166666667
7.200000000
7.233333333
7.266666667
7.300000000
7.333333333
7.366666667
7.400000000
7.433333333
7.466666667
7.500000000
7.533333333
7.566666667
7.600000000
7.633333333
7.666666667
7.700000000
7.733333333
7.766666667
7.800000000
7.833333333
7.866666667
7.900000000
7.933333333
7.966666667
8.000000000
8.033333333
8.066666667
8.100000000
8.133333333
8.166666667
8.200000000
8.233333333
8.266666667
8.300000000
8.333333333
8.366666667
8.400000000
8.433333333
8.466666667
8.500000000
8.533333333
8.566666667
8.600000000
8.633333333
8.666666667
8.700000000
8.733333333
8.766666667
8.800000000
8.833333333
8.866666667
8.900000000
8.933333333
8.966666667
9.000000000
9.033333333
9.066666667
9.100000000
9.133333333
9.166666667
9.200000000
9.233333333
9.266666667
9.300000000
9.333333333
9.366666667
9.400000000
9.433333333
9.466666667
9.500000000
9.533333333
9.566666667
9.600000000
9.633333333
9.666666667
9.700000000
9.733333333
9.766666667
9.800000000
9.833333333
9.866666667
9.900000000
9.933333333
9.966666667
10.000000000
10.033333333
10.066666667
10.100000000
10.133333333
10.166666667
10.200000000
10.233333333
10.266666667
10.300000000
10.333333333
10.366666667
10.400000000
10.433333333
10.466666667
10.500000000
10.533333333
10.566666667
10.600000000
10.633333333
10.666666667
10.700000000
10.733333333
10.766666667
10.800000000
10.833333333
10.866666667
10.900000000
10.933333333
10.966666667
11.000000000
11.033333333
11.066666667
11.100000000
11.133333333
11.166666667
11.200000000
11.233333333
11.266666667
11.300000000
11.333333333
11.366666667
11.400000000
11.433333333
11.466666667
11.500000000
11.533333333
11.566666667
11.600000000
11.633333333
11.666666667
11.700000000
11.733333333
11.766666667
11.800000000
11.833333333
11.866666667
11.900000000
11.933333333
11.966666667
12.000000000
12.033333333
12.066666667
12.100000000
12.133333333
12.166666667
12.200000000
12.233333333
12.266666667
12.300000000
12.333333333
12.366666667
12.400000000
12.433333333
12.466666667
12.500000000
12.533333333
12.566666667
12.600000000
12.633333333
12.666666667
12.700000000
12.733333333
12.766666667
12.800000000
12.833333333
12.866666667
12.900000000
12.933333333
12.966666667
13.000000000
13.033333333
13.066666667
13.100000000
13.133333333
13.166666667
13.200000000
13.233333333
13.266666667
13.300000000
13.333333333
13.366666667
13.400000000
13.433333333
13.466666667
13.500000000
13.533333333
13.566666667
13.600000000
13.633333333
13.666666667
13.700000000
13.733333333
13.766666667
13.800000000
13.833333333
13.866666667
13.900000000
13.933333333
13.966666667
14.000000000
14.033333333
14.066666667
14.100000000
14.133333333
14.166666667
14.200000000
14.233333333
14.266666667
14.300000000
14.333333333
14.366666667
14.400000000
14.433333333
14.466666667
14.500000000
14.533333333
14.566666667
14.600000000
14.633333333
14.666666667
14.700000000
14.733333333
14.766666667
14.800000000
14.833333333
14.866666667
14.900000000
14.933333333
14.966666667
15.000000000
15.033333333
15.066666667
15.100000000
15.133333333
15.166666667
15.200000000
15.233333333
15.266666667
15.300000000
15.333333333
15.366666667
15.400000000
15.433333333
15.466666667
15.500000000
15.533333333
15.566666667
15.600000000
15.633333333
15.666666667
15.700000000
15.733333333
15.766666667
15.800000000
15.833333333
15.866666667
15.900000000
15.933333333
15.966666667
16.000000000
16.033333333
16.066666667
16.100000000
16.133333333
16.166666667
16.200000000
16.233333333
16.266666667
16.300000000
16.333333333
16.366666667
16.400000000
16.433333333
16.466666667
16.500000000
16.533333333
16.566666667
16.600000000
16.633333333
16.666666667
16.700000000
16.733333333
16.766666667
16.800000000
16.833333333
16.866666667
16.900000000
16.933333333
16.966666667
17.000000000
17.033333333
17.066666667
17.100000000
17.133333333
17.166666667
17.200000000
17.233333333
17.266666667
17.300000000
17.333333333
17.366666667
17.400000000
17.433333333
17.466666667
17.500000000
17.533333333
17.566666667
17.600000000
17.633333333
17.666666667
17.700000000
17.733333333
17.766666667
17.800000000
17.833333333
17.866666667
17.900000000
17.933333333
17.966666667
18.000000000
18.033333333
18.066666667
18.100000000
18.133333333
18.166666667
18.200000000
18.233333333
18.266666667
18.300000000
18.333333333
18.366666667
18.400000000
18.433333333
18.466666667
18.500000000
18.533333333
18.566666667
18.600000000
18.633333333
18.666666667
18.700000000
18.733333333
18.766666667
18.800000000
18.833333333
18.866666667
18.900000000
18.933333333
18.966666667
19.000000000
19.033333333
19.066666667
19.100000000
19.133333333
19.166666667
19.200000000
19.233333333
19.266666667
19.300000000
19.333333333
19.366666667
19.400000000
19.433333333
19.466666667
19.500000000
19.533333333
19.566666667
19.600000000
19.633333333
19.666666667
19.700000000
19.733333333
19.766666667
19.800000000
19.833333333
19.866666667
19.900000000
19.933333333
19.966666667
20.000000000
20.033333333
20.066666667
20.100000000
20.133333333
20.166666667
20.200000000
20.233333333
20.266666667
20.300000000
20.333333333
20.366666667
20.400000000
20.433333333
20.466666667
20.500000000
20.533333333
20.566666667
20.600000000
20.633333333
20.666666667
20.700000000
20.733333333
20.766666667
20.800000000
20.833333333
20.866666667
20.900000000
20.933333333
20.966666667
21.000000000
21.033333333
21.066666667
21.100000000
21.133333333
21.166666667
21.200000000
21.233333333
21.266666667
21.300000000
21.333333333
21.366666667
21.400000000
21.433333333
21.466666667
21.500000000
21.533333333
21.566666667
21.600000000
21.633333333
21.666666667
21.700000000
21.733333333
21.766666667
21.800000000
21.833333333
21.866666667
21.900000000
21.933333333
21.966666667
22.000000000
22.033333333
22.066666667
22.100000000
22.133333333
22.166666667
22.200000000
22.233333333
22.266666667
22.300000000
22.333333333
22.366666667
22.400000000
22.433333333
22.466666667
22.500000000
22.533333333
22.566666667
22.600000000
22.633333333
22.666666667
22.700000000
22.733333333
22.766666667
22.800000000
22.833333333
22.866666667
22.900000000
22.933333333
22.966666667
23.000000000
23.033333333
23.066666667
23.100000000
23.133333333
23.166666667
23.200000000
23.233333333
23.266666667
23.300000000
23.333333333
23.366666667
23.400000000
23.433333333
23.466666667
23.500000000
23.533333333
23.566666667
23.600000000
23.633333333
23.666666667
23.700000000
23.733333333
23.766666667
23.800000000
23.833333333
23.866666667
23.900000000
23.933333333
23.966666667
24.000000000
24.033333333
24.066666667
24.100000000
24.133333333
24.166666667
24.200000000
24.233333333
24.266666667
24.300000000
24.333333333
24.366666667
24.400000000
24.433333333
24.466666667
24.500000000
24.533333333
24.566666667
24.600000000
24.633333333
24.666666667
24.700000000
24.733333333
24.766666667
24.800000000
24.833333333
24.866666667
24.900000000
24.933333333
24.966666667
25.000000000
25.033333333
25.066666667
25.100000000
25.133333333
25.166666667
25.200000000
25.233333333
25.266666667
25.300000000
25.333333333
25.366666667
25.400000000
25.433333333
25.466666667
25.500000000
25.533333333
25.566666667
25.600000000
25.633333333
25.666666667
25.700000000
25.733333333
25.766666667
25.800000000
25.833333333
25.866666667
25.900000000
25.933333333
25.966666667
26.000000000
26.033333333
26.066666667
26.100000000
26.133333333
26.166666667
26.200000000
26.233333333
26.266666667
26.300000000
26.333333333
26.366666667
26.400000000
26.433333333
26.466666667
26.500000000
26.533333333
26.566666667
26.600000000
26.633333333
26.666666667
26.700000000
26.733333333
26.766666667
26.800000000
26.833333333
26.866666667
26.900000000
26.933333333
26.966666667
27.000000000
27.033333333
27.066666667
27.100000000
27.133333333
27.166666667
27.200000000
27.233333333
27.266666667
27.300000000
27.333333333
27.366666667
27.400000000
27.433333333
27.466666667
27.500000000
27.533333333
27.566666667
27.600000000
27.633333333
27.666666667
27.700000000
27.733333333
27.766666667
27.800000000
27.833333333
27.866666667
27.900000000
27.933333333
27.966666667
28.000000000
28.033333333
28.066666667
28.100000000
28.133333333
28.166666667
28.200000000
28.233333333
28.266666667
28.300000000
28.333333333
28.366666667
28.400000000
28.433333333
28.466666667
28.500000000
28.533333333
28.566666667
28.600000000
28.633333333
28.666666667
28.700000000
28.733333333
28.766666667
28.800000000
28.833333333
28.866666667
28.900000000
28.933333333
28.966666667
29.000000000
29.033333333
29.066666667
29.100000000
29.133333333
29.166666667
29.200000000
29.233333333
29.266666667
29.300000000
29.333333333
29.366666667
29.400000000
29.433333333
29.466666667
29.500000000
29.533333333
29.566666667
29.600000000
29.633333333
29.666666667
29.700000000
29.733333333
29.766666667
29.800000000
29.833333333
29.866666667
29.900000000
29.933333333
29.966666667
30.000000000
30.033333333
30.066666667
30.100000000
30.133333333
30.166666667
30.200000000
30.233333333
30.266666667
30.300000000
30.333333333
30.366666667
30.400000000
30.433333333
30.466666667
30.500000000
30.533333333
30.566666667
30.600000000
30.633333333
30.666666667
30.700000000
30.733333333
30.766666667
30.800000000
30.833333333
30.866666667
30.900000000
30.933333333
30.966666667
31.000000000
31.033333333
31.066666667
31.100000000
31.133333333
31.166666667
31.200000000
31.233333333
31.266666667
31.300000000
31.333333333
31.366666667
31.400000000
31.433333333
31.466666667
31.500000000
31.533333333
31.566666667
31.600000000
31.633333333
31.666666667
31.700000000
31.733333333
31.766666667
31.800000000
31.833333333
31.866666667
31.900000000
31.933333333
31.966666667
32.000000000
32.033333333
32.066666667
32.100000000
32.133333333
32.166666667
32.200000000
32.233333333
32.266666667
32.300000000
32.333333333
32.366666667
32.400000000
32.433333333
32.466666667
32.500000000
32.533333333
32.566666667
32.600000000
32.633333333
32.666666667
32.700000000
32.733333333
32.766666667
32.800000000
32.833333333
32.866666667
32.900000000
32.933333333
32.966666667
33.000000000
33.033333333
33.066666667
33.100000000
33.133333333
33.166666667
33.200000000
33.233333333
33.266666667
33.300000000
33.333333333
33.366666667
33.400000000
33.433333333
33.466666667
33.500000000
33.533333333
33.566666667
33.600000000
33.633333333
33.666666667
33.700000000
33.733333333
33.766666667
33.800000000
33.833333333
33.866666667
33.900000000
33.933333333
33.966666667
34.000000000
34.033333333
34.066666667
34.100000000
34.133333333
34.166666667
34.200000000
34.233333333
34.266666667
34.300000000
34.333333333
34.366666667
34.400000000
34.433333333
34.466666667
34.500000000
34.533333333
34.566666667
34.600000000
34.633333333
34.666666667
34.700000000
34.733333333
34.766666667
34.800000000
34.833333333
34.866666667
34.900000000
34.933333333
34.966666667
35.000000000
35.033333333
35.066666667
35.100000000
35.133333333
35.166666667
35.200000000
35.233333333
35.266666667
35.300000000
35.333333333
35.366666667
35.400000000
35.433333333
35.466666667
35.500000000
35.533333333
35.566666667
35.600000000
35.633333333
35.666666667
35.700000000
35.733333333
35.766666667
35.800000000
35.833333333
35.866666667
35.900000000
35.933333333
35.966666667
36.000000000
36.033333333
36.066666667
36.100000000
36.133333333
36.166666667
36.200000000
36.233333333
36.266666667
36.300000000
36.333333333
36.366666667
36.400000000
36.433333333
36.466666667
36.500000000
36.533333333
36.566666667
36.600000000
36.633333333
36.666666667
36.700000000
36.733333333
36.766666667
36.800000000
36.833333333
36.866666667
36.900000000
36.933333333
36.966666667
37.000000000
37.033333333
37.066666667
37.100000000
37.133333333
37.166666667
37.200000000
37.233333333
37.266666667
37.300000000
37.333333333
37.366666667
37.400000000
37.433333333
37.466666667
37.500000000
37.533333333
37.566666667
37.600000000
37.633333333
37.666666667
37.700000000
37.733333333
37.766666667
37.800000000
37.833333333
37.866666667
37.900000000
37.933333333
37.966666667
38.000000000
38.033333333
38.066666667
38.100000000
38.133333333
38.166666667
38.200000000
38.233333333
38.266666667
38.300000000
38.333333333
38.366666667
38.400000000
38.433333333
38.466666667
38.500000000
38.533333333
38.566666667
38.600000000
38.633333333
38.666666667
38.700000000
38.733333333
38.766666667
38.800000000
38.833333333
38.866666667
38.900000000
38.933333333
38.966666667
39.000000000
39.033333333
39.066666667
39.100000000
39.133333333
39.166666667
39.200000000
39.233333333
39.266666667
39.300000000
39.333333333
39.366666667
39.400000000
39.433333333
39.466666667
39.500000000
39.533333333
39.566666667
39.600000000
39.633333333
39.666666667
39.700000000
39.733333333
39.766666667
39.800000000
39.833333333
39.866666667
39.900000000
39.933333333
39.966666667
40.000000000
40.033333333
40.066666667
40.100000000
40.133333333
40.166666667
40.200000000
40.233333333
40.266666667
40.300000000
40.333333333
40.366666667
40.400000000
40.433333333
40.466666667
40.500000000
40.533333333
40.566666667
40.600000000
40.633333333
40.666666667
40.700000000
40.733333333
40.766666667
40.800000000
40.833333333
40.866666667
40.900000000
40.933333333
40.966666667
41.000000000
41.033333333
41.066666667
41.100000000
41.133333333
41.166666667
41.200000000
41.233333333
41.266666667
41.300000000
41.333333333
41.366666667
41.400000000
41.433333333
41.466666667
41.500000000
41.533333333
41.566666667
41.600000000
41.633333333
41.666666667
41.700000000
41.733333333
41.766666667
41.800000000
41.833333333
41.866666667
41.900000000
41.933333333
41.966666667
42.000000000
42.033333333
42.066666667
42.100000000
42.133333333
42.166666667
42.200000000
42.233333333
42.266666667
42.300000000
42.333333333
42.366666667
42.400000000
42.433333333
42.466666667
42.500000000
42.533333333
42.566666667
42.600000000
42.633333333
42.666666667
42.700000000
42.733333333
42.766666667
42.800000000
42.833333333
42.866666667
42.900000000
42.933333333
42.966666667
43.000000000
43.033333333
43.066666667
43.100000000
43.133333333
43.166666667
43.200000000
43.233333333
43.266666667
43.300000000
43.333333333
43.366666667
43.400000000
43.433333333
43.466666667
43.500000000
43.533333333
43.566666667
43.600000000
43.633333333
43.666666667
43.700000000
43.733333333
43.766666667
43.800000000
43.833333333
43.866666667
43.900000000
43.933333333
43.966666667
44.000000000
44.033333333
44.066666667
44.100000000
44.133333333
44.166666667
44.200000000
44.233333333
44.266666667
44.300000000
44.333333333
44.366666667
44.400000000
44.433333333
44.466666667
44.500000000
44.533333333
44.566666667
44.600000000
44.633333333
44.666666667
44.700000000
44.733333333
44.766666667
44.800000000
44.833333333
44.866666667
44.900000000
44.933333333
44.966666667
45.000000000
45.033333333
45.066666667
45.100000000
45.133333333
45.166666667
45.200000000
45.233333333
45.266666667
45.300000000
45.333333333
45.366666667
45.400000000
45.433333333
45.466666667
45.500000000
45.533333333
45.566666667
45.600000000
45.633333333
45.666666667
45.700000000
45.733333333
45.766666667
45.800000000
45.833333333
45.866666667
45.900000000
45.933333333
45.966666667
46.000000000
46.033333333
46.066666667
46.100000000
46.133333333
46.166666667
46.200000000
46.233333333
46.266666667
46.300000000
46.333333333
46.366666667
46.400000000
46.433333333
46.466666667
46.500000000
46.533333333
46.566666667
46.600000000
46.633333333
46.666666667
46.700000000
46.733333333
46.766666667
46.800000000
46.833333333
46.866666667
46.900000000
46.933333333
46.966666667
47.000000000
47.033333333
47.066666667
47.100000000
47.133333333
47.166666667
47.200000000
47.233333333
47.266666667
47.300000000
47.333333333
47.366666667
47.400000000
47.433333333
47.466666667
47.500000000
47.533333333
47.566666667
47.600000000
47.633333333
47.666666667
47.700000000
47.733333333
47.766666667
47.800000000
47.833333333
47.866666667
47.900000000
47.933333333
47.966666667
48.000000000
48.033333333
48.066666667
48.100000000
48.133333333
48.166666667
48.200000000
48.233333333
48.266666667
48.300000000
48.333333333
48.366666667
48.400000000
48.433333333
48.466666667
48.500000000
48.533333333
48.566666667
48.600000000
48.633333333
48.666666667
48.700000000
48.733333333
48.766666667
48.800000000
48.833333333
48.866666667
48.900000000
48.933333333
48.966666667
49.000000000
49.033333333
49.066666667
49.100000000
49.133333333
49.166666667
49.200000000
49.233333333
49.266666667
49.300000000
49.333333333
49.366666667
49.400000000
49.433333333
49.466666667
49.500000000
49.533333333
49.566666667
49.600000000
49.633333333
49.666666667
49.700000000
49.733333333
49.766666667
49.800000000
49.833333333
49.866666667
49.900000000
49.933333333
49.966666667
50.000000000
50.033333333
50.066666667
50.100000000
50.133333333
50.166666667
50.200000000
50.233333333
50.266666667
50.300000000
50.333333333
50.366666667
50.400000000
50.433333333
50.466666667
50.500000000
50.533333333
50.566666667
50.600000000
50.633333333
50.666666667
50.700000000
50.733333333
50.766666667
50.800000000
50.833333333
50.866666667
50.900000000
50.933333333
50.966666667
51.000000000
51.033333333
51.066666667
51.100000000
51.133333333
51.166666667
51.200000000
51.233333333
51.266666667
51.300000000
51.333333333
51.366666667
51.400000000
51.433333333
51.466666667
51.500000000
51.533333333
51.566666667
51.600000000
51.633333333
51.666666667
51.700000000
51.733333333
51.766666667
51.800000000
51.833333333
51.866666667
51.900000000
51.933333333
51.966666667
52.000000000
52.033333333
52.066666667
52.100000000
52.133333333
52.166666667
52.200000000
52.233333333
52.266666667
52.300000000
52.333333333
52.366666667
52.400000000
52.433333333
52.466666667
52.500000000
52.533333333
52.566666667
52.600000000
52.633333333
52.666666667
52.700000000
52.733333333
52.766666667
52.800000000
52.833333333
52.866666667
52.900000000
52.933333333
52.966666667
53.000000000
53.033333333
53.066666667
53.100000000
53.133333333
53.166666667
53.200000000
53.233333333
53.266666667
53.300000000
53.333333333
53.366666667
53.400000000
53.433333333
53.466666667
53.500000000
53.533333333
53.566666667
53.600000000
53.633333333
53.666666667
53.700000000
53.733333333
53.766666667
53.800000000
53.833333333
53.866666667
53.900000000
53.933333333
53.966666667
54.000000000
54.033333333
54.066666667
54.100000000
54.133333333
54.166666667
54.200000000
54.233333333
54.266666667
54.300000000
54.333333333
54.366666667
54.400000000
54.433333333
54.466666667
54.500000000
54.533333333
54.566666667
54.600000000
54.633333333
54.666666667
54.700000000
54.733333333
54.766666667
54.800000000
54.833333333
54.866666667
54.900000000
54.933333333
54.966666667
55.000000000
55.033333333
55.066666667
55.100000000
55.133333333
55.166666667
55.200000000
55.233333333
55.266666667
55.300000000
55.333333333
55.366666667
55.400000000
55.433333333
55.466666667
55.500000000
55.533333333
55.566666667
55.600000000
55.633333333
55.666666667
55.700000000
55.733333333
55.766666667
55.800000000
55.833333333
55.866666667
55.900000000
55.933333333
55.966666667
56.000000000
56.033333333
56.066666667
56.100000000
56.133333333
56.166666667
56.200000000
56.233333333
56.266666667
56.300000000
56.333333333
56.366666667
56.400000000
56.433333333
56.466666667
56.500000000
56.533333333
56.566666667
56.600000000
56.633333333
56.666666667
56.700000000
56.733333333
56.766666667
56.800000000
56.833333333
56.866666667
56.900000000
56.933333333
56.966666667
57.000000000
57.033333333
57.066666667
57.100000000
57.133333333
57.166666667
57.200000000
57.233333333
57.266666667
57.300000000
57.333333333
57.366666667
57.400000000
57.433333333
57.466666667
57.500000000
57.533333333
57.566666667
57.600000000
57.633333333
57.666666667
57.700000000
57.733333333
57.766666667
57.800000000
57.833333333
57.866666667
57.900000000
57.933333333
57.966666667
58.000000000
58.033333333
58.066666667
58.100000000
58.133333333
58.166666667
58.200000000
58.233333333
58.266666667
58.300000000
58.333333333
58.366666667
58.400000000
58.433333333
58.466666667
58.500000000
58.533333333
58.566666667
58.600000000
58.633333333
58.666666667
58.700000000
58.733333333
58.766666667
58.800000000
58.833333333
58.866666667
58.900000000
58.933333333
58.966666667
59.000000000
59.033333333
59.066666667
59.100000000
59.133333333
59.166666667
59.200000000
59.233333333
59.266666667
59.300000000
59.333333333
59.366666667
59.400000000
59.433333333
59.466666667
59.500000000
59.533333333
59.566666667
59.600000000
59.633333333
59.666666667
59.700000000
59.733333333
59.766666667
59.800000000
59.833333333
59.866666667
59.900000000
59.933333333
59.966666667
60.000000000
60.033333333
60.066666667
60.100000000
60.133333333
60.166666667
60.200000000
60.233333333
60.266666667
60.300000000
60.333333333
60.366666667
60.400000000
60.433333333
60.466666667
60.500000000
60.533333333
60.566666667
60.600000000
60.633333333
60.666666667
60.700000000
60.733333333
60.766666667
60.800000000
60.833333333
60.866666667
60.900000000
60.933333333
60.966666667
61.000000000
61.033333333
61.066666667
61.100000000
61.133333333
61.166666667
61.200000000
61.233333333
61.266666667
61.300000000
61.333333333
61.366666667
61.400000000
61.433333333
61.466666667
61.500000000
61.533333333
61.566666667
61.600000000
61.633333333
61.666666667
61.700000000
61.733333333
61.766666667
61.800000000
61.833333333
61.866666667
61.900000000
61.933333333
61.966666667
62.000000000
62.033333333
62.066666667
62.100000000
62.133333333
62.166666667
62.200000000
62.233333333
62.266666667
62.300000000
62.333333333
62.366666667
62.400000000
62.433333333
62.466666667
62.500000000
62.533333333
62.566666667
62.600000000
62.633333333
62.666666667
62.700000000
62.733333333
62.766666667
62.800000000
62.833333333
62.866666667
62.900000000
62.933333333
62.966666667
63.000000000
63.033333333
63.066666667
63.100000000
63.133333333
63.166666667
63.200000000
63.233333333
63.266666667
63.300000000
63.333333333
63.366666667
63.400000000
63.433333333
63.466666667
63.500000000
63.533333333
63.566666667
63.600000000
63.633333333
63.666666667
63.700000000
63.733333333
63.766666667
63.800000000
63.833333333
63.866666667
63.900000000
63.933333333
63.966666667
64.000000000
64.033333333
64.066666667
64.100000000
64.133333333
64.166666667
64.200000000
64.233333333
64.266666667
64.300000000
64.333333333
64.366666667
64.400000000
64.433333333
64.466666667
64.500000000
64.533333333
64.566666667
64.600000000
64.633333333
64.666666667
64.700000000
64.733333333
64.766666667
64.800000000
64.833333333
64.866666667
64.900000000
64.933333333
64.966666667
65.000000000
65.033333333
65.066666667
65.100000000
65.133333333
65.166666667
65.200000000
65.233333333
65.266666667
65.300000000
65.333333333
65.366666667
65.400000000
65.433333333
65.466666667
65.500000000
65.533333333
65.566666667
65.600000000
65.633333333
65.666666667
65.700000000
65.733333333
65.766666667
65.800000000
65.833333333
65.866666667
65.900000000
65.933333333
65.966666667
66.000000000
66.033333333
66.066666667
66.100000000
66.133333333
66.166666667
66.200000000
66.233333333
66.266666667
66.300000000
66.333333333
66.366666667
66.400000000
66.433333333
66.466666667
66.500000000
66.533333333
66.566666667
66.600000000
66.633333333
66.666666667
66.700000000
66.733333333
66.766666667
66.800000000
66.833333333
66.866666667
66.900000000
66.933333333
66.966666667
67.000000000
67.033333333
67.066666667
67.100000000
67.133333333
67.166666667
67.200000000
67.233333333
67.266666667
67.300000000
67.333333333
67.366666667
67.400000000
67.433333333
67.466666667
67.500000000
67.533333333
67.566666667
67.600000000
67.633333333
67.666666667
67.700000000
67.733333333
67.766666667
67.800000000
67.833333333
67.866666667
67.900000000
67.933333333
67.966666667
68.000000000
68.033333333
68.066666667
68.100000000
68.133333333
68.166666667
68.200000000
68.233333333
68.266666667
68.300000000
68.333333333
68.366666667
68.400000000
68.433333333
68.466666667
68.500000000
68.533333333
68.566666667
68.600000000
68.633333333
68.666666667
68.700000000
68.733333333
68.766666667
68.800000000
68.833333333
68.866666667
68.900000000
68.933333333
68.966666667
69.000000000
69.033333333
69.066666667
69.100000000
69.133333333
69.166666667
69.200000000
69.233333333
69.266666667
69.300000000
69.333333333
69.366666667
69.400000000
69.433333333
69.466666667
69.500000000
69.533333333
69.566666667
69.600000000
69.633333333
69.666666667
69.700000000
69.733333333
69.766666667
69.800000000
69.833333333
69.866666667
69.900000000
69.933333333
69.966666667
70.000000000
70.033333333
70.066666667
70.100000000
70.133333333
70.166666667
70.200000000
70.233333333
70.266666667
70.300000000
70.333333333
70.366666667
70.400000000
70.433333333
70.466666667
70.500000000
70.533333333
70.566666667
70.600000000
70.633333333
70.666666667
70.700000000
70.733333333
70.766666667
70.800000000
70.833333333
70.866666667
70.900000000
70.933333333
70.966666667
71.000000000
71.033333333
71.066666667
71.100000000
71.133333333
71.166666667
71.200000000
71.233333333
71.266666667
71.300000000
71.333333333
71.366666667
71.400000000
71.433333333
71.466666667
71.500000000
71.533333333
71.566666667
71.600000000
71.633333333
71.666666667
71.700000000
71.733333333
71.766666667
71.800000000
71.833333333
71.866666667
71.900000000
71.933333333
71.966666667
72.000000000
72.033333333
72.066666667
72.100000000
72.133333333
72.166666667
72.200000000
72.233333333
72.266666667
72.300000000
72.333333333
72.366666667
72.400000000
72.433333333
72.466666667
72.500000000
72.533333333
72.566666667
72.600000000
72.633333333
72.666666667
72.700000000
72.733333333
72.766666667
72.800000000
72.833333333
72.866666667
72.900000000
72.933333333
72.966666667
73.000000000
73.033333333
73.066666667
73.100000000
73.133333333
73.166666667
73.200000000
73.233333333
73.266666667
73.300000000
73.333333333
73.366666667
73.400000000
73.433333333
73.466666667
73.500000000
73.533333333
73.566666667
73.600000000
73.633333333
73.666666667
73.700000000
73.733333333
73.766666667
73.800000000
73.833333333
73.866666667
73.900000000
73.933333333
73.966666667
74.000000000
74.033333333
74.066666667
74.100000000
74.133333333
74.166666667
74.200000000
74.233333333
74.266666667
74.300000000
74.333333333
74.366666667
74.400000000
74.433333333
74.466666667
74.500000000
74.533333333
74.566666667
74.600000000
74.633333333
74.666666667
74.700000000
74.733333333
74.766666667
74.800000000
74.833333333
74.866666667
74.900000000
74.933333333
74.966666667
75.000000000
75.033333333
75.066666667
75.100000000
75.133333333
75.166666667
75.200000000
75.233333333
75.266666667
75.300000000
75.333333333
75.366666667
75.400000000
75.433333333
75.466666667
75.500000000
75.533333333
75.566666667
75.600000000
75.633333333
75.666666667
75.700000000
75.733333333
75.766666667
75.800000000
75.833333333
75.866666667
75.900000000
75.933333333
75.966666667
76.000000000
76.033333333
76.066666667
76.100000000
76.133333333
76.166666667
76.200000000
76.233333333
76.266666667
76.300000000
76.333333333
76.366666667
76.400000000
76.433333333
76.466666667
76.500000000
76.533333333
76.566666667
76.600000000
76.633333333
76.666666667
76.700000000
76.733333333
76.766666667
76.800000000
76.833333333
76.866666667
76.900000000
76.933333333
76.966666667
77.000000000
77.033333333
77.066666667
77.100000000
77.133333333
77.166666667
77.200000000
77.233333333
77.266666667
77.300000000
77.333333333
77.366666667
77.400000000
77.433333333
77.466666667
77.500000000
77.533333333
77.566666667
77.600000000
77.633333333
77.666666667
77.700000000
77.733333333
77.766666667
77.800000000
77.833333333
77.866666667
77.900000000
77.933333333
77.966666667
78.000000000
78.033333333
78.066666667
78.100000000
78.133333333
78.166666667
78.200000000
78.233333333
78.266666667
78.300000000
78.333333333
78.366666667
78.400000000
78.433333333
78.466666667
78.500000000
78.533333333
78.566666667
78.600000000
78.633333333
78.666666667
78.700000000
78.733333333
78.766666667
78.800000000
78.833333333
78.866666667
78.900000000
78.933333333
78.966666667
79.000000000
79.033333333
79.066666667
79.100000000
79.133333333
79.166666667
79.200000000
79.233333333
79.266666667
79.300000000
79.333333333
79.366666667
79.400000000
79.433333333
79.466666667
79.500000000
79.533333333
79.566666667
79.600000000
79.633333333
79.666666667
79.700000000
79.733333333
79.766666667
79.800000000
79.833333333
79.866666667
79.900000000
79.933333333
79.966666667
80.000000000
80.033333333
80.066666667
80.100000000
80.133333333
80.166666667
80.200000000
80.233333333
80.266666667
80.300000000
80.333333333
80.366666667
80.400000000
80.433333333
80.466666667
80.500000000
80.533333333
80.566666667
80.600000000
80.633333333
80.666666667
80.700000000
80.733333333
80.766666667
80.800000000
80.833333333
80.866666667
80.900000000
80.933333333
80.966666667
81.000000000
81.033333333
81.066666667
81.100000000
81.133333333
81.166666667
81.200000000
81.233333333
81.266666667
81.300000000
81.333333333
81.366666667
81.400000000
81.433333333
81.466666667
81.500000000
81.533333333
81.566666667
81.600000000
81.633333333
81.666666667
81.700000000
81.733333333
81.766666667
81.800000000
81.833333333
81.866666667
81.900000000
81.933333333
81.966666667
82.000000000
82.033333333
82.066666667
82.100000000
82.133333333
82.166666667
82.200000000
82.233333333
82.266666667
82.300000000
82.333333333
82.366666667
82.400000000
82.433333333
82.466666667
82.500000000
82.533333333
82.566666667
82.600000000
82.633333333
82.666666667
82.700000000
82.733333333
82.766666667
82.800000000
82.833333333
82.866666667
82.900000000
82.933333333
82.966666667
83.000000000
83.033333333
83.066666667
83.100000000
83.133333333
83.166666667
83.200000000
83.233333333
83.266666667
83.300000000
83.333333333
83.366666667
83.400000000
83.433333333
83.466666667
83.500000000
83.533333333
83.566666667
83.600000000
83.633333333
83.666666667
83.700000000
83.733333333
83.766666667
83.800000000
83.833333333
83.866666667
83.900000000
83.933333333
83.966666667
84.000000000
84.033333333
84.066666667
84.100000000
84.133333333
84.166666667
84.200000000
84.233333333
84.266666667
84.300000000
84.333333333
84.366666667
84.400000000
84.433333333
84.466666667
84.500000000
84.533333333
84.566666667
84.600000000
84.633333333
84.666666667
84.700000000
84.733333333
84.766666667
84.800000000
84.833333333
84.866666667
84.900000000
84.933333333
84.966666667
85.000000000
85.033333333
85.066666667
85.100000000
85.133333333
85.166666667
85.200000000
85.233333333
85.266666667
85.300000000
85.333333333
85.366666667
85.400000000
85.433333333
85.466666667
85.500000000
85.533333333
85.566666667
85.600000000
85.633333333
85.666666667
85.700000000
85.733333333
85.766666667
85.800000000
85.833333333
85.866666667
85.900000000
85.933333333
85.966666667
86.000000000
86.033333333
86.066666667
86.100000000
86.133333333
86.166666667
86.200000000
86.233333333
86.266666667
86.300000000
86.333333333
86.366666667
86.400000000
86.433333333
86.466666667
86.500000000
86.533333333
86.566666667
86.600000000
86.633333333
86.666666667
86.700000000
86.733333333
86.766666667
86.800000000
86.833333333
86.866666667
86.900000000
86.933333333
86.966666667
87.000000000
87.033333333
87.066666667
87.100000000
87.133333333
87.166666667
87.200000000
87.233333333
87.266666667
87.300000000
87.333333333
87.366666667
87.400000000
87.433333333
87.466666667
87.500000000
87.533333333
87.566666667
87.600000000
87.633333333
87.666666667
87.700000000
87.733333333
87.766666667
87.800000000
87.833333333
87.866666667
87.900000000
87.933333333
87.966666667
88.000000000
88.033333333
88.066666667
88.100000000
88.133333333
88.166666667
88.200000000
88.233333333
88.266666667
88.300000000
88.333333333
88.366666667
88.400000000
88.433333333
88.466666667
88.500000000
88.533333333
88.566666667
88.600000000
88.633333333
88.666666667
88.700000000
88.733333333
88.766666667
88.800000000
88.833333333
88.866666667
88.900000000
88.933333333
88.966666667
89.000000000
89.033333333
89.066666667
89.100000000
89.133333333
89.166666667
89.200000000
89.233333333
89.266666667
89.300000000
89.333333333
89.366666667
89.400000000
89.433333333
89.466666667
89.500000000
89.533333333
89.566666667
89.600000000
89.633333333
89.666666667
89.700000000
89.733333333
89.766666667
89.800000000
89.833333333
89.866666667
89.900000000
89.933333333
89.966666667
90.000000000
90.033333333
90.066666667
90.100000000
90.133333333
90.166666667
90.200000000
90.233333333
90.266666667
90.300000000
90.333333333
90.366666667
90.400000000
90.433333333
90.466666667
90.500000000
90.533333333
90.566666667
90.600000000
90.633333333
90.666666667
90.700000000
90.733333333
90.766666667
90.800000000
90.833333333
90.866666667
90.900000000
90.933333333
90.966666667
91.000000000
91.033333333
91.066666667
91.100000000
91.133333333
91.166666667
91.200000000
91.233333333
91.266666667
91.300000000
91.333333333
91.366666667
91.400000000
91.433333333
91.466666667
91.500000000
91.533333333
91.566666667
91.600000000
91.633333333
91.666666667
91.700000000
91.733333333
91.766666667
91.800000000
91.833333333
91.866666667
91.900000000
91.933333333
91.966666667
92.000000000
92.033333333
92.066666667
92.100000000
92.133333333
92.166666667
92.200000000
92.233333333
92.266666667
92.300000000
92.333333333
92.366666667
92.400000000
92.433333333
92.466666667
92.500000000
92.533333333
92.566666667
92.600000000
92.633333333
92.666666667
92.700000000
92.733333333
92.766666667
92.800000000
92.833333333
92.866666667
92.900000000
92.933333333
92.966666667
93.000000000
93.033333333
93.066666667
93.100000000
93.133333333
93.166666667
93.200000000
93.233333333
93.266666667
93.300000000
93.333333333
93.366666667
93.400000000
93.433333333
93.466666667
93.500000000
93.533333333
93.566666667
93.600000000
93.633333333
93.666666667
93.700000000
93.733333333
93.766666667
93.800000000
93.833333333
93.866666667
93.900000000
93.933333333
93.966666667
94.000000000
94.033333333
94.066666667
94.100000000
94.133333333
94.166666667
94.200000000
94.233333333
94.266666667
94.300000000
94.333333333
94.366666667
94.400000000
94.433333333
94.466666667
94.500000000
94.533333333
94.566666667
94.600000000
94.633333333
94.666666667
94.700000000
94.733333333
94.766666667
94.800000000
94.833333333
94.866666667
94.900000000
94.933333333
94.966666667
95.000000000
95.033333333
95.066666667
95.100000000
95.133333333
95.166666667
95.200000000
95.233333333
95.266666667
95.300000000
95.333333333
95.366666667
95.400000000
95.433333333
95.466666667
95.500000000
95.533333333
95.566666667
95.600000000
95.633333333
95.666666667
95.700000000
95.733333333
95.766666667
95.800000000
95.833333333
95.866666667
95.900000000
95.933333333
95.966666667
96.000000000
96.033333333
96.066666667
96.100000000
96.133333333
96.166666667
96.200000000
96.233333333
96.266666667
96.300000000
96.333333333
96.366666667
96.400000000
96.433333333
96.466666667
96.500000000
96.533333333
96.566666667
96.600000000
96.633333333
96.666666667
96.700000000
96.733333333
96.766666667
96.800000000
96.833333333
96.866666667
96.900000000
96.933333333
96.966666667
97.000000000
97.033333333
97.066666667
97.100000000
97.133333333
97.166666667
97.200000000
97.233333333
97.266666667
97.300000000
97.333333333
97.366666667
97.400000000
97.433333333
97.466666667
97.500000000
97.533333333
97.566666667
97.600000000
97.633333333
97.666666667
97.700000000
97.733333333
97.766666667
97.800000000
97.833333333
97.866666667
97.900000000
97.933333333
97.966666667
98.000000000
98.033333333
98.066666667
98.100000000
98.133333333
98.166666667
98.200000000
98.233333333
98.266666667
98.300000000
98.333333333
98.366666667
98.400000000
98.433333333
98.466666667
98.500000000
98.533333333
98.566666667
98.600000000
98.633333333
98.666666667
98.700000000
98.733333333
98.766666667
98.800000000
98.833333333
98.866666667
98.900000000
98.933333333
98.966666667
99.000000000
99.033333333
99.066666667
99.100000000
99.133333333
99.166666667
99.200000000
99.233333333
99.266666667
99.300000000
99.333333333
99.366666667
99.400000000
99.433333333
99.466666667
99.500000000
99.533333333
99.566666667
99.600000000
99.633333333
99.666666667
99.700000000
99.733333333
99.766666667
99.800000000
99.833333333
99.866666667
99.900000000
99.933333333
99.966666667
100.000000000
